120081343280008501
120081241070661701
120081241370645101
120081241770760001
120081242060448101
120081241990889001
120081241820737101
120081242060448001
120081242100448001
120081241280773101
120081241820737001
120081241930697701
120081242130574801
120081241250504801
120081241240647201
120081242220607502
120081241400649902
120081241400649903
120081241130636102
120081241130636103
120081241130636104
120081242240640602
120081241180608802
120081241180608801
120081241310644802
120081242100431002
120081241160679101
120081241160679102
120081241290721502
120081241290721501
120081241750771801
120081242150475801
120081241850736501
120081242220648301
120081241820764701
120081241210672201
120081241000705101
120081241150658201
120081241220747501
120081241890843901
120081241380727701
120081241960764102
120081242130597101
120081241950627201
120081241430667001
120081241400690401
120081241070689801
120081242050469901
120081242240675501
120081241110740701
120081241230721301
120081242130596801
120081242120633301
120081241950627301
120081242220642401
120081241210665901
120081240970690301
120081241790894301
120081241050706601
120081241310690201
120081241110740601
120080827550225901
120080517590368001
120081138790929601
120081138911101301
120081139151046902
120081139151046901
120081136601071501
120081136601071503
120081136621178203
120081136621178201
120081139051236103
120081139051236101
120081136361190101
120081136361190102
120081138820927201
120081138820927203
120081138780924902
120081138780924901
120081138790924001
120081136741161901
120081136601069201
120081138941039502
120081138941039501
120081136471204301
120081136551192702
120081136581372901
120081136551192701
120081139010918301
120081136551191101
120081138751088801
120081139041234701
120081138800914701
120081139201324401
120081136601058901
120081136411177801
120081136830922301
120081139151033101
120081136830917901
120081138830909101
120081139230908001
120081136401203201
120081136711236401
120081139001030501
120081139221025601
120081139001032001
120081136691147501
120081139091203801
120081139061156001
120081138971142501
120081138991092001
120081136751195601
120081138901307101
120081136460916501
120081136521254401
120081139121183401
120081136541219901
120081138861133801
120081138770902501
120081136351145601
120081035850980401
120081035501034401
120081035431034401
120081036270980201
120081033014454301
120081033229138101
120081034269254501
120081034059200201
120081033149019301
120081032984638901
120081032904651001
120081034400131401
120081033060180301
120081034040359401
120081034250131401
120081033390367501
120081034340379201
120081034300249002
120081448330136801